id	x	y	cluster	weight<Links>	weight<Total link strength>	weight<ALL>	weight<MPI>	weight<NIH>	weight<CNRS>	weight<NST>	weight<FH>	weight<AIST>	weight<RIKEN>
Accounting	-0.2096	0.0998	1	21	268	59	27	1	21	3	7	0	0
Acoustics and Ultrasonics	-0.3754	-0.0581	1	55	6222	2127	166	32	741	411	489	252	36
Advanced and Specialized Nursing	0.6195	-0.1043	2	27	2532	626	41	517	17	25	14	1	11
Aerospace Engineering	-0.9983	0.1524	1	61	7222	1746	171	8	402	803	280	43	39
Aging	0.5799	0.0134	2	33	5736	1347	238	902	129	40	13	11	14
Agricultural and Biological Sciences	0.2228	0.2974	3	73	39242	12843	3540	3951	3229	604	291	308	920
Agricultural and Biological Sciences (miscellaneous)	-0.3401	0.2123	1	62	1466	431	154	48	177	20	8	11	13
Agronomy and Crop Science	0.8206	0.5976	3	50	6660	1739	408	54	428	409	134	82	224
Algebra and Number Theory	-0.3623	-0.0886	1	29	1302	528	275	4	199	7	31	8	4
Analysis	-0.1042	-0.0673	1	33	2580	740	337	15	324	24	32	0	8
Analytical Chemistry	-0.2485	-0.4468	6	63	30192	5327	617	723	902	1766	308	598	413
Anatomy	0.6652	-0.1386	2	26	5122	961	375	327	156	24	27	15	37
Anesthesiology and Pain Medicine	0.5068	-0.0999	2	25	1404	522	30	311	93	51	31	1	5
Animal Science and Zoology	1.2286	0.6496	3	61	9112	2898	1128	264	1036	238	40	40	152
Anthropology	0.013	0.0758	1	66	3454	1102	576	65	425	35	0	1	0
Applied Mathematics	-0.5586	-0.1458	1	101	62546	9535	2374	575	2128	1088	2461	479	430
Applied Microbiology and Biotechnology	0.5874	0.3109	3	50	17968	3739	519	324	450	1488	194	440	324
Applied Psychology	-0.0521	0.0704	1	57	2928	794	259	378	78	32	35	4	8
Aquatic Science	-0.9674	0.9839	7	50	33286	2949	857	27	1573	282	33	110	67
Archeology	-0.1726	0.1263	1	34	4382	1056	329	1	691	14	6	14	1
Archeology (arts and humanities)	-0.1951	0.1286	1	41	4934	1113	333	3	712	32	10	22	1
Architecture	-0.4578	0.1464	1	38	1666	269	7	0	33	94	128	7	0
Artificial Intelligence	-0.371	-0.0764	1	101	27306	5824	829	146	1210	1566	1060	651	362
Arts and Humanities	-0.092	0.0878	1	36	1784	1207	393	83	700	5	18	3	5
Arts and Humanities (miscellaneous)	0.0137	0.0461	1	90	7286	1733	656	305	554	62	46	59	51
Assessment and Diagnosis	0.5428	-0.0722	2	10	46	7	0	4	2	1	0	0	0
Astronomy and Astrophysics	-2.0792	1.0525	7	37	40132	19410	14153	3	3175	1345	104	49	581
Atmospheric Science	-1.1821	0.897	7	53	30252	4095	2385	8	1124	295	49	94	140
"Atomic and Molecular Physics, and Optics"	-1.1727	-0.4384	5	77	45580	15570	5161	373	2261	2447	2534	1251	1543
Automotive Engineering	-0.5988	0.1188	1	59	6870	1309	31	2	151	475	558	78	14
Behavioral Neuroscience	0.5725	0.013	2	57	10572	2395	867	839	471	43	26	31	118
Biochemistry	0.3076	-0.5383	6	121	144942	26613	5115	7968	4910	3592	632	1698	2698
Biochemistry (medical)	0.9769	-0.3552	6	41	6794	1071	61	776	101	64	22	20	27
"Biochemistry, Genetics and Molecular Biology"	0.4407	0.1338	3	85	67066	22964	6222	7855	4757	1111	448	597	1974
"Biochemistry, Genetics and Molecular Biology (miscellaneous)"	0.0598	-0.0661	2	37	1666	364	80	78	43	94	14	26	29
Bioengineering	-0.5801	-0.4052	4	77	46648	6802	1284	566	928	2374	530	661	459
Biological Psychiatry	0.7766	-0.0494	2	25	8164	1933	605	945	260	24	14	4	81
Biomaterials	-0.8124	-0.5985	4	71	26698	4007	826	507	555	977	549	373	220
Biomedical Engineering	0.2468	-0.2722	2	121	34876	6418	844	1077	908	1727	853	583	426
Biophysics	0.2398	-0.5557	6	69	33262	6252	1283	1416	1251	966	203	430	703
Biotechnology	0.2339	0.0955	3	126	46648	8875	1800	1238	1305	2451	551	780	750
Building and Construction	-0.6011	0.161	1	60	7320	1324	20	13	151	619	445	73	3
Business and International Management	-0.2195	0.0935	1	53	2198	424	85	10	96	55	169	8	1
"Business, Management and Accounting"	-0.189	0.0918	1	43	2078	734	252	35	218	30	183	10	6
"Business, Management and Accounting (miscellaneous)"	-0.2445	0.098	1	29	304	87	30	3	11	7	35	1	0
Cancer Research	1.1032	-0.149	2	50	35864	10143	628	7419	995	560	88	89	364
Cardiology and Cardiovascular Medicine	0.654	-0.0832	2	55	8710	3789	335	2845	321	81	82	36	89
Care Planning	0.5309	-0.0717	2	5	38	6	0	5	0	0	1	0	0
Catalysis	-1.8686	-0.8758	4	39	38408	7410	2331	296	1691	1302	212	937	641
Cell Biology	1.1487	-0.176	2	82	81584	19871	4190	7717	3468	1190	318	681	2307
Cellular and Molecular Neuroscience	0.7926	-0.1479	2	49	24886	5600	1221	2452	1064	258	73	65	467
Ceramics and Composites	-1.5763	-0.5173	4	48	37764	5864	776	88	820	2157	936	882	205
Chemical Engineering	-1.0998	-0.2369	4	84	38200	10078	1482	249	1734	4066	1074	1182	291
Chemical Engineering (miscellaneous)	-0.6788	-0.1387	1	27	1194	342	32	5	50	94	24	111	26
Chemical Health and Safety	-0.2376	0.0269	1	16	628	120	24	31	13	16	10	24	2
Chemistry	-1.4963	-0.543	4	91	119420	28405	7003	1336	4952	7796	1988	3488	1842
Chemistry (miscellaneous)	-0.3897	-0.1928	1	43	4512	491	64	37	103	191	39	30	27
Chiropractics	0.2973	-0.0925	2	3	44	11	0	6	1	4	0	0	0
Civil and Structural Engineering	-0.7354	0.149	1	87	17644	3074	572	13	333	1515	508	113	20
Classics	-0.1018	0.0773	1	14	590	136	1	0	134	0	1	0	0
Clinical Biochemistry	0.9478	-0.4578	6	53	28934	3968	356	1911	511	757	92	104	237
Clinical Psychology	0.3979	-0.0101	2	39	4128	1061	134	754	111	22	13	4	23
Cognitive Neuroscience	0.5362	-0.0503	2	47	15434	4428	1787	1301	859	61	55	62	303
Colloid and Surface Chemistry	-1.9761	-1.0437	4	23	13650	2419	962	153	442	258	92	256	256
Communication	-0.1357	0.0173	1	65	5060	1043	129	122	184	281	265	26	36
Community and Home Care	0.4468	-0.0148	2	14	468	107	3	103	1	0	0	0	0
Complementary and Alternative Medicine	0.4374	-0.1605	2	32	5182	1274	34	125	109	942	5	26	33
Complementary and Manual Therapy	0.5713	-0.1277	2	6	98	24	1	4	0	18	0	0	1
Computational Mathematics	-0.4848	-0.0683	1	81	12870	1936	652	257	478	132	207	98	112
Computational Mechanics	-0.9034	-0.0512	1	57	3002	514	107	7	209	77	71	26	17
Computational Theory and Mathematics	-0.4371	-0.0817	1	91	23238	3139	906	405	795	305	372	159	197
Computer Graphics and Computer-Aided Design	-0.2584	-0.1739	1	66	9972	2061	332	119	401	386	605	164	54
Computer Networks and Communications	-0.4567	-0.048	1	116	38208	9760	729	86	1571	3504	3002	568	300
Computer Science	-0.5285	-0.0852	1	85	17780	8177	1324	315	1941	1562	1997	692	346
Computer Science (miscellaneous)	-0.3858	0.0688	1	59	1244	375	67	7	92	101	68	23	17
Computer Science Applications	-0.4224	-0.1007	1	184	104646	16740	2692	1095	3065	3498	4516	1078	796
Computer Vision and Pattern Recognition	-0.2143	-0.2249	1	72	20388	4131	571	223	805	657	1140	575	160
Computers in Earth Sciences	-0.6936	0.4105	1	38	1116	290	43	6	111	53	51	21	5
Condensed Matter Physics	-1.6308	-0.4319	4	92	210190	40771	11655	312	6453	9320	5448	4938	2645
Conservation	-0.2359	0.0417	1	27	420	65	8	1	35	0	20	1	0
Control and Optimization	-0.5706	0.0009	1	66	7776	1347	169	9	531	288	232	85	33
Control and Systems Engineering	-0.6512	0.0103	1	84	31932	8007	722	41	2188	2015	2112	713	216
Critical Care Nursing	0.5721	-0.0679	2	11	54	25	0	25	0	0	0	0	0
Critical Care and Intensive Care Medicine	0.7474	-0.077	2	20	1706	732	39	582	73	9	20	0	9
Cultural Studies	-0.0822	0.0754	1	61	3646	758	209	28	503	7	7	3	1
Decision Sciences	-0.1481	0.0949	1	23	1272	268	151	3	72	10	23	5	4
Decision Sciences (miscellaneous)	-0.2812	0.0676	1	25	496	83	11	2	32	16	22	0	0
Demography	0.0169	0.0773	1	22	758	349	247	29	67	0	2	0	4
Dentistry	0.7035	-0.1513	2	25	712	463	33	329	21	23	13	18	26
Dentistry (miscellaneous)	0.7146	-0.1706	2	12	178	33	3	8	1	6	13	0	2
Dermatology	0.8225	-0.0782	2	42	2972	875	68	551	124	44	42	7	39
Development	-0.1319	0.1139	1	49	1288	303	96	23	130	28	16	2	8
Developmental Biology	0.9603	-0.0127	2	46	18512	4460	1036	1593	882	144	84	119	602
Developmental Neuroscience	0.566	-0.0414	2	35	3516	736	137	351	150	17	12	10	59
Developmental and Educational Psychology	0.259	-0.0291	1	51	7460	1865	781	680	341	6	5	19	33
Discrete Mathematics and Combinatorics	-0.3763	-0.1071	1	28	2120	533	144	10	316	7	43	4	9
Drug Discovery	0.5076	-0.6629	6	60	36984	5787	436	1562	1141	1850	127	253	418
Drug Guides	0.6414	-0.4958	6	1	2	1	0	0	1	0	0	0	0
Earth and Planetary Sciences	-0.586	0.3119	1	50	4960	3004	908	11	950	593	171	289	82
Earth and Planetary Sciences (miscellaneous)	-1.2468	0.9378	7	50	32288	2223	809	1	898	237	45	189	44
Earth-Surface Processes	-1.1342	0.8961	7	50	32382	3023	1014	11	1262	443	26	230	37
Ecological Modeling	-0.6659	0.4151	5	33	2108	417	87	8	174	99	22	23	4
Ecology	-0.6405	0.749	7	87	43536	4099	1542	258	1730	241	49	160	119
"Ecology, Evolution, Behavior and Systematics"	0.3234	0.4259	3	81	42364	10756	4059	1184	4026	589	97	336	465
Economic Geology	-0.8915	0.586	1	26	1450	242	8	0	53	102	3	76	0
Economics and Econometrics	-0.1986	0.098	1	78	3366	1300	673	23	443	28	100	31	2
"Economics, Econometrics and Finance"	-0.175	0.0874	1	52	2074	666	202	23	299	27	109	3	3
"Economics, Econometrics and Finance (miscellaneous)"	-0.1959	0.0965	1	47	386	118	46	3	48	2	17	2	0
Education	0.2015	-0.0162	1	116	6214	1317	402	308	282	113	163	18	31
Electrical and Electronic Engineering	-1.0584	-0.217	5	120	165298	35459	3298	247	5413	11347	9424	4341	1389
Electrochemistry	-1.4255	-0.6701	4	34	19966	3550	764	44	811	1067	261	493	110
"Electronic, Optical and Magnetic Materials"	-1.8287	-0.5856	4	70	168836	31906	7301	383	4829	7113	6061	4034	2185
Embryology	0.8984	-0.0523	2	17	1236	288	56	112	53	3	7	15	42
Emergency Medicine	0.5705	-0.0679	2	19	284	156	6	95	29	8	10	5	3
Emergency Nursing	0.5692	-0.0691	2	7	104	36	0	14	16	2	0	4	0
Endocrine and Autonomic Systems	0.8807	-0.0868	2	20	2992	527	171	241	84	7	11	4	9
Endocrinology	0.9456	-0.0744	2	44	18040	3624	466	2311	533	146	14	28	126
"Endocrinology, Diabetes and Metabolism"	0.8176	-0.1177	2	55	19108	4226	451	2976	467	142	22	27	141
Energy	-0.9358	-0.0188	4	58	14054	3118	595	7	522	704	676	528	86
Energy (miscellaneous)	-0.9706	0.0278	5	19	1578	218	24	2	13	95	61	21	2
Energy Engineering and Power Technology	-1.0096	0.0495	5	98	28148	5571	246	6	703	2451	1027	997	141
Engineering	-0.4148	-0.0342	1	96	22558	9920	1110	243	1399	2664	1748	2274	482
Engineering (miscellaneous)	-0.4185	0.041	1	74	3520	1136	567	7	112	201	133	69	47
Environmental Chemistry	-0.8105	0.2531	5	63	22902	4131	723	199	983	1435	257	471	63
Environmental Engineering	-0.7428	0.2461	5	83	13880	2453	123	47	490	1115	431	205	42
Environmental Science	-0.4728	0.1649	1	97	11802	2819	706	244	759	632	197	224	57
Environmental Science (miscellaneous)	-0.4481	0.2649	1	50	1508	344	107	5	99	65	44	18	6
Epidemiology	0.7091	-0.0304	2	46	9274	3457	106	3135	147	21	16	5	27
Equine	1.3782	0.7495	3	3	138	30	5	5	16	4	0	0	0
Experimental and Cognitive Psychology	0.3175	-0.0106	1	52	11366	2487	1381	399	548	10	10	62	77
Family Practice	0.5671	-0.1131	2	9	264	95	7	79	5	1	3	0	0
Filtration and Separation	-1.1915	-0.5115	6	18	2164	506	19	13	66	281	53	67	7
Finance	-0.2054	0.1002	1	27	710	268	141	2	100	7	16	2	0
Fluid Flow and Transfer Processes	-0.9749	-0.0923	1	66	4976	1028	109	4	333	372	115	64	31
Food Animals	1.3708	0.7444	3	15	478	132	47	21	41	13	5	3	2
Food Science	0.5075	0.2539	3	84	10424	3212	196	369	358	1642	471	128	48
Forestry	-1.082	1.0062	7	50	28324	1512	626	5	538	152	111	39	41
Fuel Technology	-1.0879	0.0482	5	55	12340	2345	80	2	360	1178	314	401	10
Fundamentals and Skills	0.5259	-0.0728	2	11	52	15	0	13	2	0	0	0	0
Gastroenterology	1.0671	-0.0682	2	27	2016	1121	66	733	144	51	35	17	75
Gender Studies	-0.017	0.072	1	30	188	49	10	19	20	0	0	0	0
Genetics	1.2724	0.1451	3	95	78342	19134	4510	7041	3848	1018	247	523	1947
Genetics (clinical)	1.3836	-0.0279	3	42	21340	5532	1011	3115	869	73	46	29	389
Geochemistry and Petrology	-1.3394	0.9635	7	50	34170	3873	915	3	1677	555	38	621	64
"Geography, Planning and Development"	-0.2875	0.1804	1	95	5126	1243	203	59	485	219	207	66	4
Geology	-0.8754	0.5635	1	52	9524	2488	362	8	959	566	31	543	19
Geometry and Topology	-0.3514	-0.0913	1	24	2032	525	327	8	148	5	27	3	7
Geophysics	-1.2168	0.8671	7	43	34976	3866	1074	2	1567	505	35	601	82
Geotechnical Engineering and Engineering Geology	-0.8107	0.3307	1	63	3446	1025	31	0	188	596	55	148	7
Geriatrics and Gerontology	0.4773	-0.0009	2	49	7652	1733	240	1193	205	32	32	16	15
Gerontology	0.3592	0.0045	2	17	1032	171	37	93	24	2	9	6	0
Global and Planetary Change	-0.6248	0.4498	1	48	7096	1149	458	9	473	127	22	50	10
Hardware and Architecture	-0.5422	-0.101	1	71	19766	4325	383	34	950	1140	1106	537	175
Health (social science)	0.294	-0.0084	2	94	5744	1067	96	756	109	69	24	6	7
Health Informatics	0.3725	-0.1214	2	67	6342	1470	87	682	166	151	213	103	68
Health Information Management	0.4584	-0.0997	2	24	1668	409	12	206	46	32	81	21	11
Health Policy	0.4468	-0.0527	2	61	3936	1058	59	869	95	6	22	1	6
Health Professions	0.2758	-0.0542	2	20	318	102	14	55	5	4	12	3	9
Health Professions (miscellaneous)	0.4352	-0.0496	2	8	50	21	0	12	0	3	0	6	0
"Health, Toxicology and Mutagenesis"	-0.0132	0.0524	5	72	14960	2972	107	1050	434	928	236	152	65
Hematology	1.126	-0.109	2	36	13370	3572	188	2785	383	56	33	18	109
Hepatology	1.0762	-0.0683	2	16	1718	1142	61	840	111	34	10	14	72
Histology	0.7835	-0.1803	2	33	4262	999	274	383	154	56	78	17	37
History	-0.0992	0.0778	1	74	4974	1401	448	22	908	14	5	3	1
History and Philosophy of Science	0.075	0.0359	1	51	1796	608	227	189	166	9	2	5	10
Horticulture	1.0035	0.6765	3	13	1302	377	98	2	98	116	19	9	35
Human Factors and Ergonomics	0.0912	-0.0008	1	51	982	189	27	23	44	40	18	34	3
Human-Computer Interaction	-0.2575	-0.1493	1	82	19386	3646	445	49	710	927	864	488	163
Immunology	1.4332	0.0725	3	68	49906	11813	1079	7573	1823	373	175	86	704
Immunology and Allergy	1.345	-0.0471	3	52	21542	6804	541	4505	892	234	112	42	478
Immunology and Microbiology	0.7925	0.2582	3	38	22710	4164	1230	1598	849	127	65	55	240
Immunology and Microbiology (miscellaneous)	0.7668	-0.1375	2	10	524	99	16	45	17	12	3	1	5
Industrial Relations	-0.2147	0.0929	1	29	310	69	21	1	29	15	3	0	0
Industrial and Manufacturing Engineering	-0.6926	0.0353	1	107	29450	6643	345	16	735	2442	2349	615	141
Infectious Diseases	1.2511	0.1594	3	53	27222	7223	491	5039	1248	164	66	41	174
Information Systems	-0.358	0.0329	1	111	19750	4936	566	244	728	1850	1150	232	166
Information Systems and Management	-0.3278	0.0662	1	59	5980	1048	81	17	168	403	328	33	18
Inorganic Chemistry	-1.702	-0.9031	4	37	20538	4575	1600	109	1256	592	210	526	282
Insect Science	1.4381	0.5023	3	30	9500	1829	355	754	496	69	31	59	65
Instrumentation	-0.8933	-0.2558	5	106	35708	9377	2311	122	1196	2078	1794	1016	860
Internal Medicine	0.7584	-0.093	2	26	4218	1926	96	1532	187	38	8	17	48
"Issues, Ethics and Legal Aspects"	0.3353	-0.0234	2	14	1102	293	10	258	12	0	7	1	5
LPN and LVN	0.538	-0.0771	2	17	216	30	5	14	8	0	2	1	0
Language and Linguistics	0.2193	-0.0181	1	53	10088	1927	846	90	825	19	56	52	39
Law	-0.1098	0.0759	1	86	2570	758	413	55	163	45	70	11	1
Leadership and Management	0.5273	-0.072	2	12	96	53	0	52	0	0	1	0	0
Library and Information Sciences	-0.0912	0.0041	1	56	5178	1125	270	332	239	102	98	35	49
Life-span and Life-course Studies	0.1827	0.0388	1	25	1202	211	95	91	19	2	0	0	4
Linguistics and Language	0.2466	-0.017	1	58	9126	1822	877	95	754	8	30	25	33
Literature and Literary Theory	-0.0737	0.0687	1	23	1678	348	30	3	313	0	1	1	0
Logic	-0.2628	-0.0276	1	27	356	93	16	4	51	9	3	8	2
Management Information Systems	-0.2761	0.0853	1	36	1494	220	15	2	42	34	119	8	0
Management Science and Operations Research	-0.2869	0.0817	1	58	3746	738	89	12	226	124	260	23	4
Management of Technology and Innovation	-0.2203	0.0863	1	59	2280	564	74	21	63	139	256	10	1
"Management, Monitoring, Policy and Law"	-0.358	0.2347	1	91	5582	1135	149	42	290	316	215	103	20
Marketing	-0.2992	0.0816	1	48	992	201	30	2	22	35	89	20	3
Materials Chemistry	-1.7479	-0.5835	4	79	111348	16638	2871	172	2775	5422	2093	2581	724
Materials Science	-1.3052	-0.3001	4	106	120596	26335	6090	374	3451	9629	2657	3202	932
Materials Science (miscellaneous)	-0.4944	-0.024	1	64	1608	306	104	5	47	43	62	29	16
Maternity and Midwifery	0.5858	-0.0652	2	10	178	39	7	27	5	0	0	0	0
Mathematical Physics	-0.666	-0.144	1	34	6358	1549	993	16	317	78	34	23	88
Mathematics	-0.3648	-0.0207	1	71	6290	2516	947	95	837	251	269	46	71
Mathematics (miscellaneous)	-0.1688	0.0079	1	18	358	141	75	2	53	6	2	3	0
Mechanical Engineering	-1.236	-0.0613	4	109	99022	17728	2408	117	2338	7463	2685	2224	493
Mechanics of Materials	-1.6802	-0.3228	4	79	77650	13840	2004	141	1982	5320	2105	1874	414
Media Technology	-0.2872	-0.0799	1	48	4170	885	15	8	90	428	275	52	17
Medical Assisting and Transcription	0.2111	-0.0173	1	1	2	1	0	1	0	0	0	0	0
Medical Laboratory Technology	0.6967	-0.206	2	30	1106	267	27	150	27	18	30	7	8
Medical and Surgical Nursing	0.7779	-0.1085	2	6	34	9	0	8	1	0	0	0	0
Medicine	0.4457	-0.036	2	227	34322	14348	2302	7996	1619	985	249	370	827
Medicine (miscellaneous)	0.4911	-0.0856	2	105	12364	3161	160	2006	250	505	99	81	60
Metals and Alloys	-2.2247	-0.6759	4	51	52562	7059	1033	53	849	3104	946	839	235
Microbiology	1.5157	0.3393	3	52	31080	7547	1482	2442	1825	1093	80	244	381
Microbiology (medical)	1.3254	0.1095	3	42	10116	2672	344	1404	675	87	47	48	67
Modeling and Simulation	-0.4946	-0.0144	1	136	34974	5419	1224	392	1390	865	1126	197	225
Molecular Biology	1.0939	-0.165	3	102	156064	30660	6681	10762	5751	2789	524	1220	2933
Molecular Medicine	0.8075	-0.4113	6	67	50390	7797	1062	3171	1220	1414	182	193	555
Multidisciplinary	0.079	-0.0084	1	14	968	13357	4459	3114	2213	1135	163	580	1693
Museology	-0.1861	0.0557	1	13	116	23	10	3	9	0	1	0	0
Music	-0.1761	-0.0002	1	25	540	225	40	1	99	2	57	22	4
Nature and Landscape Conservation	-0.3311	0.4423	1	37	2182	557	190	9	307	21	15	14	1
Nephrology	0.8349	-0.0766	2	17	934	745	17	618	69	15	7	1	18
Neurology	0.7124	-0.0945	2	61	21432	5604	1320	2737	1105	123	96	30	193
Neurology (clinical)	0.6894	-0.098	2	77	26294	7232	952	4221	1439	207	122	48	243
Neuropsychology and Physiological Psychology	0.5594	0.0021	2	31	8236	1522	675	362	374	15	9	37	50
Neuroscience	0.6418	0.0624	2	66	21826	9648	2690	3649	1883	273	90	170	893
Neuroscience (miscellaneous)	0.74	-0.1394	2	33	3452	771	187	262	174	38	14	4	92
Nuclear Energy and Engineering	-0.9276	0.0072	5	48	23134	5338	1582	11	192	3270	94	125	64
Nuclear and High Energy Physics	-0.9548	-0.0655	5	40	22966	11875	6264	84	943	1867	95	264	2358
Numerical Analysis	-0.4139	-0.0839	1	37	2266	403	126	14	154	47	48	2	12
Nursing	0.3618	-0.0861	2	27	548	314	5	280	16	11	1	1	0
Nursing (miscellaneous)	0.5149	-0.074	2	8	72	31	2	24	1	0	4	0	0
Nutrition and Dietetics	0.6629	0.0123	2	43	7260	2262	44	1413	137	604	14	25	25
Obstetrics and Gynecology	0.7589	-0.0597	2	37	4142	1993	53	1768	107	39	5	3	18
Occupational Therapy	0.5353	-0.072	2	3	28	18	0	18	0	0	0	0	0
Ocean Engineering	-0.8617	0.3288	1	51	3908	877	56	2	219	358	122	116	4
Oceanography	-1.1758	0.8675	7	52	31800	2410	769	4	1043	314	24	211	45
Oncology	0.9859	-0.1167	2	67	29510	10971	345	8778	854	575	95	78	246
Oncology (nursing)	0.7605	-0.045	2	14	788	181	1	171	8	1	0	0	0
Ophthalmology	0.8553	-0.2621	2	23	2826	1422	145	870	220	27	31	29	100
Optometry	0.8716	-0.2809	2	4	58	18	0	11	5	1	1	0	0
Oral Surgery	0.7301	-0.1639	2	11	440	113	4	57	13	26	6	3	4
Organic Chemistry	-0.4654	-0.7856	6	57	64368	10935	1881	990	2847	2799	513	874	1031
Organizational Behavior and Human Resource Management	-0.2022	0.0894	1	37	702	185	82	0	67	17	19	0	0
Orthodontics	0.7309	-0.1632	2	3	10	17	0	10	2	0	3	0	2
Orthopedics and Sports Medicine	0.5664	-0.0889	2	52	3068	1011	71	523	180	58	38	76	65
Otorhinolaryngology	0.6982	-0.1496	2	26	964	415	21	239	70	37	14	23	11
Paleontology	-1.3169	1.043	7	31	28796	1775	688	5	759	156	5	126	36
Parasitology	1.6102	0.4014	3	21	13002	2125	246	1234	515	44	32	26	28
Pathology and Forensic Medicine	0.7434	-0.1644	2	71	5774	1837	232	1036	257	124	111	28	49
Pediatrics	0.5793	-0.0643	2	10	98	37	0	29	7	0	0	0	1
"Pediatrics, Perinatology and Child Health"	0.6796	-0.0614	2	68	6754	2657	128	2293	170	14	7	12	33
Periodontics	0.7306	-0.1655	2	5	48	34	6	17	2	2	0	3	4
Pharmaceutical Science	0.4821	-0.5827	6	52	26012	3611	233	872	559	1348	124	129	346
Pharmacology	0.7389	-0.3931	6	78	36482	8539	624	4392	1290	1468	179	166	420
Pharmacology (medical)	0.8785	-0.1684	2	63	11784	3217	218	2156	450	185	63	8	137
Pharmacology (nursing)	0.6395	-0.4923	6	3	24	7	0	5	2	0	0	0	0
"Pharmacology, Toxicology and Pharmaceutics"	0.6344	-0.1372	2	43	3742	941	104	518	148	94	22	6	49
"Pharmacology, Toxicology and Pharmaceutics (miscellaneous)"	0.3932	-0.1369	2	10	358	148	3	102	10	25	7	0	1
Pharmacy	0.64	-0.4942	6	12	214	52	0	47	4	0	1	0	0
Philosophy	-0.0383	0.0387	1	61	1414	534	101	95	319	0	8	4	7
"Physical Therapy, Sports Therapy and Rehabilitation"	0.4977	-0.0693	2	42	1682	575	15	419	55	22	16	36	12
Physical and Theoretical Chemistry	-1.4361	-0.5333	4	83	64206	14434	4550	585	3739	2089	611	1788	1072
Physics and Astronomy	-0.8598	-0.1554	1	68	41070	28481	10717	916	4449	3952	1327	3298	3822
Physics and Astronomy (miscellaneous)	-0.6742	0.0225	1	37	5760	6039	2846	10	868	809	264	464	778
Physiology	0.9396	0.0933	2	86	24476	5952	1796	1667	1262	320	86	159	662
Physiology (medical)	0.82	-0.0675	2	54	8354	2160	337	1139	407	66	42	94	75
Plant Science	0.9279	0.5293	3	54	19896	6513	2601	127	1615	650	128	232	1160
Podiatry	0.5472	-0.0937	2	5	10	3	0	1	1	0	0	0	1
Political Science and International Relations	-0.1456	0.0905	1	38	1764	558	294	7	243	3	8	2	1
Pollution	-0.6808	0.267	5	75	21284	3380	218	122	757	1562	321	357	43
Polymers and Plastics	-1.1404	-0.4397	4	62	31144	5485	1417	31	997	1423	926	410	281
Process Chemistry and Technology	-1.0691	-0.2923	1	57	10260	1800	182	10	275	814	182	309	28
Psychiatric Mental Health	0.4931	-0.0174	2	11	324	90	3	78	7	1	0	0	1
Psychiatry and Mental Health	0.5609	-0.035	2	73	24252	6678	1202	4484	713	54	44	16	165
Psychology	0.1467	0.0321	1	59	2614	1728	842	460	322	9	16	38	41
Psychology (miscellaneous)	0.0778	0.0186	1	26	688	162	90	30	34	2	1	2	3
Public Administration	-0.2022	0.1276	1	32	402	121	24	9	48	7	32	1	0
"Public Health, Environmental and Occupational Health"	0.4506	0.0076	2	131	19248	5210	240	3821	398	471	144	81	55
Pulmonary and Respiratory Medicine	0.8263	-0.0916	2	29	3926	1398	141	978	103	24	113	6	33
Radiation	-0.5929	-0.4596	5	38	8902	2302	395	261	476	533	307	128	202
Radiological and Ultrasound Technology	0.5606	-0.167	2	31	6012	1099	193	492	225	83	73	14	19
"Radiology, Nuclear Medicine and Imaging"	0.3276	-0.2178	2	97	23910	5962	802	2903	712	600	541	194	210
Rehabilitation	0.5066	-0.0723	2	46	2384	590	29	345	108	30	22	35	21
Religious Studies	-0.0765	0.0761	1	28	1162	303	57	3	241	1	0	0	1
"Renewable Energy, Sustainability and the Environment"	-1.0387	0.0253	5	89	32952	6296	500	10	722	2708	1300	986	70
Reproductive Medicine	0.8311	-0.0514	2	31	3332	859	40	655	106	22	1	2	33
Review and Exam Preparation	0.5255	-0.0725	2	5	28	5	0	5	0	0	0	0	0
Rheumatology	1.1995	-0.0786	3	17	2842	843	30	592	121	13	17	7	63
Safety Research	-0.215	0.0567	1	53	972	157	32	19	23	42	30	10	1
"Safety, Risk, Reliability and Quality"	-0.4896	0.0673	1	109	14514	2692	93	48	411	1154	760	197	29
Sensory Systems	0.7812	-0.2111	2	32	5462	1313	276	507	293	38	46	57	96
Signal Processing	-0.3415	-0.1734	1	86	20600	4078	327	132	983	735	1239	389	273
Small Animals	1.3782	0.7495	3	4	144	31	4	7	15	5	0	0	0
Social Psychology	0.182	0.0385	1	61	3392	805	301	363	113	7	6	6	9
Social Sciences	-0.103	0.0828	1	61	4192	2341	1010	167	902	43	96	113	10
Social Sciences (miscellaneous)	-0.1317	0.0841	1	95	2132	515	167	80	193	25	39	8	3
Sociology and Political Science	-0.0685	0.0867	1	86	6052	1518	620	142	668	37	39	9	3
Software	-0.4484	-0.1413	1	88	40236	9148	1538	243	2305	1821	1977	774	490
Soil Science	-1.1224	0.9596	7	55	30334	1869	693	5	679	289	20	112	71
Space and Planetary Science	-1.7943	1.0272	7	50	70182	20284	13967	15	3839	1590	113	245	515
Spectroscopy	-0.8974	-0.5437	4	56	29108	4166	928	370	1035	934	156	472	271
Speech and Hearing	0.4676	-0.0777	2	33	1750	322	120	63	88	4	32	6	9
Statistical and Nonlinear Physics	-0.7286	-0.1417	1	41	9940	2345	1370	45	576	79	28	77	170
Statistics and Probability	-0.3739	-0.0517	1	78	22188	4024	1565	999	905	65	121	105	264
"Statistics, Probability and Uncertainty"	-0.2751	0.0002	1	52	4168	979	253	353	273	16	49	4	31
Strategy and Management	-0.2199	0.0852	1	78	4376	775	107	17	132	205	276	36	2
Stratigraphy	-0.9584	0.6528	1	14	1942	407	94	0	166	62	2	81	2
Structural Biology	1.1026	-0.7813	6	39	18050	3551	950	901	683	310	56	231	420
Surfaces and Interfaces	-1.9809	-0.8187	4	34	29682	4127	1004	23	704	899	723	603	171
"Surfaces, Coatings and Films"	-1.6618	-0.5812	4	46	74162	10843	1640	131	1909	3210	1895	1633	425
Surgery	0.7193	-0.1253	2	51	4264	1457	66	903	200	110	132	20	26
Theoretical Computer Science	-0.5438	-0.1152	1	49	16750	5803	1264	201	1663	557	1344	509	265
"Tourism, Leisure and Hospitality Management"	-0.2311	0.1063	1	18	88	19	1	1	9	1	7	0	0
Toxicology	0.4305	-0.0274	2	62	10260	3244	86	1633	271	663	436	134	21
Transplantation	0.9097	-0.0861	2	26	2952	784	11	643	49	38	22	7	14
Transportation	-0.4209	0.1238	1	50	3610	542	6	8	80	286	132	28	2
Urban Studies	-0.2369	0.1464	1	54	640	138	21	2	86	17	9	3	0
Urology	0.909	-0.0692	2	22	1308	855	27	719	56	31	16	1	5
Veterinary	1.1841	0.3093	3	23	4772	1091	118	618	134	103	26	14	78
Veterinary (miscellaneous)	1.3983	0.5131	3	12	342	51	3	26	22	0	0	0	0
Virology	1.5715	0.284	3	28	20204	4571	388	3001	812	163	43	31	133
Visual Arts and Performing Arts	-0.1211	0.0581	1	42	1092	268	47	2	177	2	32	5	3
Waste Management and Disposal	-0.7888	0.2341	5	58	13284	2070	86	54	366	1227	143	168	26
Water Science and Technology	-1.1312	0.7789	7	69	35380	2919	697	8	1040	887	94	153	40
